Add data point (0.9932111560641637, 4.899304012947709):

Postirior mean:
   0.8220876614
   0.8165066365
   0.8109635004

Posterior variance:
   0.8322031743   -0.1666576792   -0.1655262662
   -0.1666576792   0.8344737338   -0.1644025342
   -0.1655262662   -0.1644025342   0.8367135689

Predictive distribution ~ N(0.0, 4.489828569)
------------------------------------------------
Add data point (0.33481649291853266, 4.528894695861723):

Postirior mean:
   1.4930746484
   0.9000055572
   0.6987200307

Posterior variance:
   0.6800705274   -0.1855893605   -0.1400773433
   -0.1855893605   0.8321178387   -0.161235621
   -0.1400773433   -0.161235621   0.832456444

Predictive distribution ~ N(1.8727393242, 3.6160278521)
------------------------------------------------
Add data point (-0.7844152735376533, 0.7547059754674464):

Postirior mean:
   1.4215796745
   0.9906506159
   0.6505111967

Posterior variance:
   0.5657172222   -0.0406062729   -0.2171854141
   -0.0406062729   0.6483007143   -0.063473985
   -0.2171854141   -0.063473985   0.7804627166

Predictive distribution ~ N(1.0447625026, 4.1178120704)
------------------------------------------------
Add data point (0.9193306292244872, 6.662988909142315):

Postirior mean:
   1.7372039861
   1.4499068993
   1.0020663645

Posterior variance:
   0.5369312953   -0.082491886   -0.2492483477
   -0.082491886   0.5873541069   -0.1101278808
   -0.2492483477   -0.1101278808   0.7447497198

Predictive distribution ~ N(3.9170630408, 3.8212021468)
------------------------------------------------
Add data point (0.2376961997706155, 0.2602352703307169):

Postirior mean:
   1.4673135240
   1.4226101770
   1.1272116510

Posterior variance:
   0.4646182819   -0.0898056244   -0.215717586
   -0.0898056244   0.5866143954   -0.1067365795
   -0.215717586   -0.1067365795   0.7292018684

Predictive distribution ~ N(1.8691494328, 3.4301537855)
------------------------------------------------
Add data point (0.8103186524545536, 5.931623167462883):

Postirior mean:
   1.6449533770
   1.6465767340
   1.2525927302

Posterior variance:
   0.4473334723   -0.1115981401   -0.2279174839
   -0.1115981401   0.5591386087   -0.1221180892
   -0.2279174839   -0.1221180892   0.7205909833

Predictive distribution ~ N(3.8016780443, 3.5150330467)
------------------------------------------------
Add data point (0.9695957677613074, 4.330367011070863):

Postirior mean:
   1.6419945231
   1.6390946126
   1.2447461114

Posterior variance:
   0.4431675923   -0.1221324958   -0.2389650291
   -0.1221324958   0.5325001437   -0.1500542682
   -0.2389650291   -0.1500542682   0.6912938711

Predictive distribution ~ N(4.401459399, 3.595050799)
------------------------------------------------
Add data point (0.8898957217460024, 5.51851599453098):

Postirior mean:
   1.7015787390
   1.7346422200
   1.3165166220

Posterior variance:
   0.4371248814   -0.1318224206   -0.2462436085
   -0.1318224206   0.5169616473   -0.1617259977
   -0.2462436085   -0.1617259977   0.6825266606

Predictive distribution ~ N(4.2877978944, 3.4219784893)
------------------------------------------------
Add data point (0.5703027315016926, 2.3334323253605076):

Postirior mean:
   1.6346197164
   1.7084147588
   1.3441899576

Posterior variance:
   0.4131016569   -0.1412321784   -0.2363151071
   -0.1412321784   0.5132758996   -0.1578370612
   -0.2363151071   -0.1578370612   0.6784233338

Predictive distribution ~ N(3.046124659, 3.278444078)
------------------------------------------------
Add data point (-0.2976461627044309, 0.12400528504156094):

Postirior mean:
   1.4960971639
   1.8066719709
   1.3854184143

Posterior variance:
   0.3594564226   -0.1031803878   -0.2203486801
   -0.1031803878   0.486284895   -0.1691624128
   -0.2203486801   -0.1691624128   0.6736712474

Predictive distribution ~ N(1.081086888, 3.4391265834)
------------------------------------------------
Add data point (-0.9727695658842881, 3.5476813953646147):

Postirior mean:
   1.6350528123
   1.3995627167
   1.7070421817

Posterior variance:
   0.3454769212   -0.0622235469   -0.2527053345
   -0.0622235469   0.3662904282   -0.0743645862
   -0.2527053345   -0.0743645862   0.5987792281

Predictive distribution ~ N(1.8889417443, 4.0079706938)
------------------------------------------------
Add data point (0.7761464044354605, 2.632541460458322):

Postirior mean:
   1.5861743002
   1.3397850044
   1.6900863546

Posterior variance:
   0.3391346063   -0.0699801062   -0.2549054669
   -0.0699801062   0.3568042685   -0.0770553162
   -0.2549054669   -0.0770553162   0.598016008

Predictive distribution ~ N(3.6441571118, 3.2832922029)
------------------------------------------------
Add data point (-0.774978359194676, 5.647007925647708):

Postirior mean:
   1.8555288916
   0.8994719987
   1.8739066148

Posterior variance:
   0.3232880262   -0.0440757574   -0.2657199195
   -0.0440757574   0.3144585203   -0.0593769684
   -0.2657199195   -0.0593769684   0.5906357161

Predictive distribution ~ N(2.2839098624, 3.529608155)
------------------------------------------------
Add data point (-0.4109146416041032, -0.4975481844704722):

Postirior mean:
   1.6518254679
   1.0254020795
   1.9711732890

Posterior variance:
   0.2970237789   -0.0278391192   -0.253178962
   -0.0278391192   0.3044209808   -0.0671298268
   -0.253178962   -0.0671298268   0.5846475142

Predictive distribution ~ N(1.5633070108, 3.3117895904)
------------------------------------------------
Add data point (-0.6623392142656424, -0.07964435532482073):

Postirior mean:
   1.5364728950
   1.1715257037
   1.9442167504

Posterior variance:
   0.2847249263   -0.0122594675   -0.256053059
   -0.0122594675   0.2846853555   -0.0634890456
   -0.256053059   -0.0634890456   0.5839758716

Predictive distribution ~ N(1.6134402163, 3.3504792375)
------------------------------------------------
Add data point (-0.9691940701097781, 0.12371747371279551):

Postirior mean:
   1.5048057667
   1.3679046120
   1.7443271267

Posterior variance:
   0.2838806092   -0.0070235627   -0.2613825674
   -0.0070235627   0.2522156838   -0.0304389054
   -0.2613825674   -0.0304389054   0.5503348857

Predictive distribution ~ N(1.8175519923, 3.5843713474)
------------------------------------------------
Add data point (0.03963933533490405, 3.946444319996263):

Postirior mean:
   1.7105142633
   1.3700302369
   1.5542121791

Posterior variance:
   0.2594517461   -0.0072759908   -0.2388055124
   -0.0072759908   0.2522130754   -0.0302056125
   -0.2388055124   -0.0302056125   0.5294692642

Predictive distribution ~ N(1.7672634489, 3.2585182972)
------------------------------------------------
Add data point (-0.768852840770367, -1.6936057238818156):

Postirior mean:
   1.5896062057
   1.5838220589
   1.4591429461

Posterior variance:
   0.2548706253   0.0008244301   -0.2424076184
   0.0008244301   0.2378897641   -0.0238363033
   -0.2424076184   -0.0238363033   0.5266369513

Predictive distribution ~ N(1.2344301307, 3.3133318043)
------------------------------------------------
Add data point (-0.3863019570608406, 0.995655778385834):

Postirior mean:
   1.5761013610
   1.5896741287
   1.4687042820

Posterior variance:
   0.2401147673   0.0072186029   -0.2319605738
   0.0072186029   0.2351189699   -0.028363333
   -0.2319605738   -0.028363333   0.5192405166

Predictive distribution ~ N(1.181180702, 3.2152269836)
------------------------------------------------
Add data point (0.40900545179071246, 1.9607384962953398):

Postirior mean:
   1.5436541368
   1.5740053823
   1.4935960325

Posterior variance:
   0.227150657   0.0009582413   -0.2220152115
   0.0009582413   0.2320958448   -0.0235607231
   -0.2220152115   -0.0235607231   0.511610974

Predictive distribution ~ N(2.4372878181, 3.2035739937)
------------------------------------------------
Add data point (-0.1075081785703107, 2.2137677782035743):

Postirior mean:
   1.6008823562
   1.5678190588
   1.4391498038

Posterior variance:
   0.2115234045   0.0026475345   -0.2071476344
   0.0026475345   0.2319132336   -0.025167896
   -0.2071476344   -0.025167896   0.4974661427

Predictive distribution ~ N(1.4489626904, 3.2089751697)
------------------------------------------------
Add data point (-0.30309700724168964, 0.9310271553386849):

Postirior mean:
   1.5812944486
   1.5749675893
   1.4548677076

Posterior variance:
   0.200036046   0.0068398012   -0.1979298456
   0.0068398012   0.2303832822   -0.0285318921
   -0.1979298456   -0.0285318921   0.4900695223

Predictive distribution ~ N(1.2375819752, 3.1864128151)
------------------------------------------------
Add data point (-0.99528184728885, 1.0390303043746076):

Postirior mean:
   1.5816260334
   1.6042609655
   1.4179561280

Posterior variance:
   0.2000337834   0.0066399092   -0.1976779686
   0.0066399092   0.2127241175   -0.0062801839
   -0.1976779686   -0.0062801839   0.4620309073

Predictive distribution ~ N(1.3895416421, 3.471660221)
------------------------------------------------
Add data point (-0.9395158790831777, 1.917396111376998):

Postirior mean:
   1.5849874453
   1.5696561624
   1.4555713758

Posterior variance:
   0.1999240421   0.0077696652   -0.1989060077
   0.0077696652   0.2010935932   0.0063621378
   -0.1989060077   0.0063621378   0.4482887668

Predictive distribution ~ N(1.3950889805, 3.3504114462)
------------------------------------------------
Add data point (-0.40695979564055706, -0.25057395496264023):

Postirior mean:
   1.5107399514
   1.6027478544
   1.5132449383

Posterior variance:
   0.1914646724   0.0115399589   -0.1923349848
   0.0115399589   0.1994131944   0.0034334697
   -0.1923349848   0.0034334697   0.4431845635

Predictive distribution ~ N(1.1091040024, 3.1630837096)
------------------------------------------------
Add data point (-0.16100421415764132, -0.06085201780148475):

Postirior mean:
   1.4322816845
   1.6114501268
   1.5903341595

Posterior variance:
   0.1807569835   0.0127276123   -0.1818141381
   0.0127276123   0.1992814647   0.0022665401
   -0.1818141381   0.0022665401   0.4328472988

Predictive distribution ~ N(1.214056633, 3.1726702688)
------------------------------------------------
Add data point (-0.9689996302654658, 4.387538775836645):

Postirior mean:
   1.4302307036
   1.4519686758
   1.7893336156

Posterior variance:
   0.1807554285   0.0126066981   -0.1816632625
   0.0126066981   0.1898793441   0.0139984179
   -0.1816632625   0.0139984179   0.4182083718

Predictive distribution ~ N(1.7033867925, 3.3367025722)
------------------------------------------------
Add data point (-0.025769193351715458, 4.048960651241822):

Postirior mean:
   1.5807705549
   1.4584165331
   1.6375945644

Posterior variance:
   0.1705316012   0.0121687956   -0.1713579922
   0.0121687956   0.189860588   0.0144398088
   -0.1713579922   0.0144398088   0.4078210098

Predictive distribution ~ N(1.5442757841, 3.1698026229)
------------------------------------------------
Add data point (-0.5541187544982553, -0.6986242151704136):

Postirior mean:
   1.5109582097
   1.5140553784
   1.6715915222

Posterior variance:
   0.1665999999   0.015302192   -0.1694433955
   0.015302192   0.1873633426   0.012913919
   -0.1694433955   0.012913919   0.4068886466

Predictive distribution ~ N(1.1852498844, 3.1370829961)
------------------------------------------------
Add data point (-0.9964389502470017, 3.5291183601569456):

Postirior mean:
   1.5015780189
   1.4259709153
   1.7947342441

Posterior variance:
   0.1665151642   0.0145055443   -0.1683296762
   0.0145055443   0.1798824408   0.0233722743
   -0.1683296762   0.0233722743   0.3922677896

Predictive distribution ~ N(1.8626597843, 3.3224081454)
------------------------------------------------
Add data point (-0.9397915566549124, 1.9618978792199213):

Postirior mean:
   1.5018555823
   1.4171486279
   1.8050228405

Posterior variance:
   0.1665097334   0.0146781632   -0.1685309852
   0.0146781632   0.1743957886   0.029770836
   -0.1685309852   0.029770836   0.3848057545

Predictive distribution ~ N(1.7642421869, 3.2460016327)
------------------------------------------------
Add data point (0.37537773091622295, 0.7968681026654398):

Postirior mean:
   1.4320009473
   1.3774152072
   1.8536114582

Posterior variance:
   0.1595644363   0.0107276679   -0.163700062
   0.0107276679   0.1721487409   0.0325186724
   -0.163700062   0.0325186724   0.381445521

Predictive distribution ~ N(2.2102414429, 3.1567558123)
------------------------------------------------
Add data point (0.594113817434484, 2.818225438754151):

Postirior mean:
   1.4290615246
   1.3740321039
   1.8538761935

Posterior variance:
   0.1558843413   0.0064920943   -0.1633686189
   0.0064920943   0.1672738439   0.0329001439
   -0.1633686189   0.0329001439   0.38141567

Predictive distribution ~ N(2.8997579398, 3.1686311699)
------------------------------------------------
Add data point (0.5577153523723322, 4.140265548457217):

Postirior mean:
   1.4760955683
   1.4216403445
   1.8424598635

Posterior variance:
   0.1521480744   0.0027102146   -0.1624617342
   0.0027102146   0.1634457947   0.0338181
   -0.1624617342   0.0338181   0.3811955465

Predictive distribution ~ N(2.842056748, 3.1535579141)
------------------------------------------------
Add data point (-0.15637631534916485, 0.7989792150709251):

Postirior mean:
   1.4526295524
   1.4251378754
   1.8676216102

Posterior variance:
   0.1452118567   0.0037440345   -0.1550242827
   0.0037440345   0.1632917073   0.0327095728
   -0.1550242827   0.0327095728   0.3732206406

Predictive distribution ~ N(1.2754417247, 3.1404251907)
------------------------------------------------
Add data point (-0.9353372588015789, 2.2086468960490335):

Postirior mean:
   1.4534839075
   1.4082400024
   1.8874004745

Posterior variance:
   0.1452004315   0.0039700078   -0.1552887832
   0.0039700078   0.1588222919   0.0379409981
   -0.1552887832   0.0379409981   0.367097287

Predictive distribution ~ N(1.7875077928, 3.2238829663)
------------------------------------------------
Add data point (0.22952132348371124, -0.4628872173818763):

Postirior mean:
   1.3507691316
   1.3766492090
   1.9821551946

Posterior variance:
   0.1391433863   0.0021071127   -0.149701139
   0.0021071127   0.1582493428   0.0396595251
   -0.149701139   0.0396595251   0.3619426668

Predictive distribution ~ N(1.7711594909, 3.1346382192)
------------------------------------------------
Add data point (0.8442419661404266, 6.961545361145523):

Postirior mean:
   1.3825056090
   1.5287074968
   2.1136071642

Posterior variance:
   0.1387856077   0.0003928956   -0.1511830524
   0.0003928956   0.1500360523   0.0325592662
   -0.1511830524   0.0325592662   0.355804606

Predictive distribution ~ N(4.1795665077, 3.250810715)
------------------------------------------------
Add data point (-0.516966248095188, 2.003431356987082):

Postirior mean:
   1.4091884728
   1.5100989755
   2.0937876536

Posterior variance:
   0.1356903294   0.0025515302   -0.14888394
   0.0025515302   0.1485306292   0.0309558745
   -0.14888394   0.0309558745   0.3540968702

Predictive distribution ~ N(1.1880916096, 3.1099054233)
------------------------------------------------
Add data point (-0.7686492587888263, 1.117191781778322):

Postirior mean:
   1.4038187399
   1.5210492343
   2.0895015157

Posterior variance:
   0.1350231101   0.0039121608   -0.1494165165
   0.0039121608   0.1457559553   0.0320419343
   -0.1494165165   0.0320419343   0.3536717659

Predictive distribution ~ N(1.4691881756, 3.1329212849)
------------------------------------------------
Add data point (-0.3054980015453381, 0.586340341643514):

Postirior mean:
   1.3827668783
   1.5276564055
   2.1116622010

Posterior variance:
   0.1304161259   0.0053580726   -0.1445668776
   0.0053580726   0.1453021528   0.0305198648
   -0.1445668776   0.0305198648   0.3485666914

Predictive distribution ~ N(1.1131502821, 3.1150144698)
------------------------------------------------
Add data point (-0.10860157895311073, -0.07928168952056969):

Postirior mean:
   1.3286458905
   1.5319065380
   2.1723899024

Posterior variance:
   0.1251669028   0.0057702952   -0.1386768659
   0.0057702952   0.1452697809   0.030057321
   -0.1386768659   0.030057321   0.341957668

Predictive distribution ~ N(1.1879002463, 3.1223263069)
------------------------------------------------
Add data point (-0.6838166843153919, -0.01305325516117617):

Postirior mean:
   1.3049080041
   1.5653869907
   2.1721075154

Posterior variance:
   0.1241453393   0.0072111314   -0.1386890184
   0.0072111314   0.1432375928   0.0300744612
   -0.1386890184   0.0300744612   0.3419575235

Predictive distribution ~ N(1.250159157, 3.1070959948)
------------------------------------------------
Add data point (-0.9268082486574443, 0.5031381326735798):

Postirior mean:
   1.3055423066
   1.6032998729
   2.1237531568

Posterior variance:
   0.1241444697   0.0071591515   -0.1386227229
   0.0071591515   0.1401307034   0.03403701
   -0.1386227229   0.03403701   0.3369036607

Predictive distribution ~ N(1.6438385048, 3.1874817207)
------------------------------------------------
Add data point (-0.23378820099244013, 1.6013453452493334):

Postirior mean:
   1.3260069402
   1.5990711166
   2.1009245480

Posterior variance:
   0.1199045787   0.0080352711   -0.1338930603
   0.0080352711   0.1399496645   0.0330596853
   -0.1338930603   0.0330596853   0.3316276504

Predictive distribution ~ N(1.0669930517, 3.109306143)
------------------------------------------------
Add data point (0.002524306711315427, 0.5922013890355089):

Postirior mean:
   1.2976453484
   1.5970872059
   2.1325695336

Posterior variance:
   0.1152949555   0.0077128251   -0.1287497854
   0.0077128251   0.1399271092   0.0334194605
   -0.1287497854   0.0334194605   0.3258889437

Predictive distribution ~ N(1.3016904753, 3.1153331464)
------------------------------------------------
Add data point (-0.9869322295788123, 0.4317308652109597):

Postirior mean:
   1.3051447600
   1.6384831340
   2.0666913224

Posterior variance:
   0.115197714   0.0071760631   -0.1278955729
   0.0071760631   0.1369642419   0.0381346199
   -0.1278955729   0.0381346199   0.3183851558

Predictive distribution ~ N(1.7011030962, 3.2140396164)
------------------------------------------------
Add data point (-0.6176940736091834, 0.736221326805359):

Postirior mean:
   1.2982170755
   1.6455124150
   2.0700421384

Posterior variance:
   0.1139547688   0.0084372365   -0.1272943791
   0.0084372365   0.135684573   0.0375246094
   -0.1272943791   0.0375246094   0.3180943675

Predictive distribution ~ N(1.0716100414, 3.0867839207)
------------------------------------------------
Add data point (0.9998793531139245, 7.92082115289753):

Postirior mean:
   1.2940558793
   1.8006140987
   2.2649586091

Posterior variance:
   0.1139477956   0.0086971493   -0.1269677465
   0.0086971493   0.1259967573   0.0253499198
   -0.1269677465   0.0253499198   0.3027944206

Predictive distribution ~ N(5.3588648611, 3.3567619424)
------------------------------------------------
Add data point (-0.7532926034295844, 1.258611337812471):

Postirior mean:
   1.2944623607
   1.7997881014
   2.2652547952

Posterior variance:
   0.1135452552   0.0095151383   -0.1272610609
   0.0095151383   0.1243345491   0.0259459542
   -0.1272610609   0.0259459542   0.3025806946

Predictive distribution ~ N(1.2241135552, 3.1005842377)
------------------------------------------------
Add data point (-0.05650241495157804, 1.5548017288542604):

Postirior mean:
   1.3072998683
   1.8000814188
   2.2506889496

Posterior variance:
   0.1094710693   0.0094220493   -0.1226383597
   0.0094220493   0.1243324222   0.0260515759
   -0.1226383597   0.0260515759   0.2973356304

Predictive distribution ~ N(1.2127762971, 3.1080138466)
------------------------------------------------
Add data point (-0.36664954251457926, 1.1187270156619085):

Postirior mean:
   1.3121938998
   1.7982959844
   2.2456479390

Posterior variance:
   0.1068762701   0.0103686807   -0.1199656326
   0.0103686807   0.1239870733   0.0250765149
   -0.1199656326   0.0250765149   0.294582635

Predictive distribution ~ N(0.9547361898, 3.0865379946)
------------------------------------------------
Add data point (0.4957689674913395, 3.9597797881469257):

Postirior mean:
   1.3441209043
   1.8284706907
   2.2320583210

Posterior variance:
   0.1046879391   0.0083004553   -0.1190341771
   0.0083004553   0.1220323613   0.0259568479
   -0.1190341771   0.0259568479   0.2941861642

Predictive distribution ~ N(2.7992305571, 3.1084960324)
------------------------------------------------
Add data point (-0.39608628574987925, 3.0306565199056528):

Postirior mean:
   1.3993959083
   1.8044414243
   2.1764916723

Posterior variance:
   0.1024688397   0.0092651469   -0.1168033692
   0.0092651469   0.1216129886   0.0249870663
   -0.1168033692   0.0249870663   0.291943586

Predictive distribution ~ N(1.0261388787, 3.0816393181)
------------------------------------------------
Add data point (-0.49982477922826263, 2.36247931784721):

Postirior mean:
   1.4288750526
   1.7850007783
   2.1522936068

Posterior variance:
   0.1009369795   0.0102753645   -0.115545936
   0.0102753645   0.1209467792   0.0241578254
   -0.115545936   0.0241578254   0.2909114173

Predictive distribution ~ N(1.0743837739, 3.0752716199)
------------------------------------------------
Add data point (-0.5336530715009384, 2.9834873499891783):

Postirior mean:
   1.4674071022
   1.7558074609
   2.1242079368

Posterior variance:
   0.0996646545   0.0112393253   -0.1146185496
   0.0112393253   0.1202164465   0.0234552029
   -0.1146185496   0.0234552029   0.2902354536

Predictive distribution ~ N(1.1353588911, 3.0730309714)
------------------------------------------------
Add data point (0.7027954548660571, 0.5666609507835063):

Postirior mean:
   1.4158863492
   1.6472956207
   2.0784831390

Posterior variance:
   0.0988401856   0.0095028477   -0.1153502678
   0.0095028477   0.1165591167   0.0219140746
   -0.1153502678   0.0219140746   0.2895860518

Predictive distribution ~ N(3.6002056329, 3.1416812358)
------------------------------------------------
Add data point (-0.6910443649595068, 2.2697418154954256):

Postirior mean:
   1.4279454540
   1.6276515192
   2.0810110465

Posterior variance:
   0.0983915649   0.0102336441   -0.1154443106
   0.0102336441   0.1153686602   0.0220672689
   -0.1154443106   0.0220672689   0.289566338

Predictive distribution ~ N(1.2969368749, 3.0805522014)
------------------------------------------------
Add data point (-0.3442807633558329, 2.2606860674038165):

Postirior mean:
   1.4581651465
   1.6176496260
   2.0479866585

Posterior variance:
   0.0962515837   0.0109419195   -0.1131057173
   0.0109419195   0.1151342404   0.0212932584
   -0.1131057173   0.0212932584   0.2870106994

Predictive distribution ~ N(1.1439858088, 3.0778459261)
------------------------------------------------
Add data point (0.711988165616305, 2.383629067668854):

Postirior mean:
   1.4393847701
   1.5759477332
   2.0288674712

Posterior variance:
   0.0955578892   0.0094015683   -0.1138119266
   0.0094015683   0.1117138851   0.0197251182
   -0.1138119266   0.0197251182   0.2862917496

Predictive distribution ~ N(3.5899289065, 3.1379960721)
------------------------------------------------
Add data point (0.9658884258469675, 6.519618604304115):

Postirior mean:
   1.4386048707
   1.6446292427
   2.1160856509

Posterior variance:
   0.0955571675   0.0094651257   -0.1137312154
   0.0094651257   0.1061167257   0.0126173236
   -0.1137312154   0.0126173236   0.2772656099

Predictive distribution ~ N(5.0013151229, 3.2646985706)
------------------------------------------------
Add data point (0.14411882627399653, 1.6681192572517207):

Postirior mean:
   1.4370331653
   1.6442133647
   2.1178500800

Posterior variance:
   0.0926690769   0.0087009283   -0.110488985
   0.0087009283   0.1059145167   0.0134752276
   -0.110488985   0.0134752276   0.2736258146

Predictive distribution ~ N(1.7179835117, 3.0929858329)
------------------------------------------------
Add data point (-0.9118668913854842, -0.15612629104205045):

Postirior mean:
   1.4412357402
   1.6893641984
   2.0561702447

Posterior variance:
   0.0926529071   0.0085272056   -0.1102516652
   0.0085272056   0.1040481074   0.0160248996
   -0.1102516652   0.0160248996   0.2701427482

Predictive distribution ~ N(1.6104685428, 3.1427432986)
------------------------------------------------
Add data point (0.5282751147210825, 1.9747511079706292):

Postirior mean:
   1.4212271668
   1.6688805865
   2.0641255912

Posterior variance:
   0.091228795   0.0070692826   -0.1096854426
   0.0070692826   0.1025555708   0.0166045653
   -0.1096854426   0.0166045653   0.2699176199

Predictive distribution ~ N(2.8789002673, 3.0920155158)
------------------------------------------------
Add data point (0.13901898904949994, 2.8357738367341545):

Postirior mean:
   1.4545299809
   1.6768826287
   2.0263614764

Posterior variance:
   0.088603046   0.0064383643   -0.1067079439
   0.0064383643   0.102403973   0.0173200024
   -0.1067079439   0.0173200024   0.2665412504

Predictive distribution ~ N(1.7268105366, 3.088440331)
------------------------------------------------
Add data point (0.28044450702098755, 4.094428529685357):

Postirior mean:
   1.5079580154
   1.7006724395
   1.9736687500

Posterior variance:
   0.0864232412   0.0054677663   -0.1045581388
   0.0054677663   0.1019717964   0.0182772425
   -0.1045581388   0.0182772425   0.2644210322

Predictive distribution ~ N(2.1401295727, 3.0835051287)
------------------------------------------------
Add data point (0.7055889898959105, 2.822137874859121):

Postirior mean:
   1.4973155588
   1.6765854629
   1.9625376141

Posterior variance:
   0.0859547668   0.0044074725   -0.1050481245
   0.0044074725   0.099572043   0.0171682623
   -0.1050481245   0.0171682623   0.2639085474

Predictive distribution ~ N(3.6573565805, 3.1146236476)
------------------------------------------------
Add data point (-0.9526272128463884, 2.5022530317149303):

Postirior mean:
   1.4937937087
   1.6571620426
   1.9931755305

Posterior variance:
   0.0858965413   0.0040863517   -0.1045415983
   0.0040863517   0.0978010237   0.0199618145
   -0.1045415983   0.0199618145   0.2595020825

Predictive distribution ~ N(1.7239400677, 3.1563221991)
------------------------------------------------
Add data point (-0.45884757920346964, 0.9452510919645534):

Postirior mean:
   1.4895912938
   1.6596414678
   1.9971782957

Posterior variance:
   0.084642485   0.004826245   -0.1033471201
   0.004826245   0.0973644866   0.0192570723
   -0.1033471201   0.0192570723   0.2583643521

Predictive distribution ~ N(1.1485569411, 3.0649270087)
------------------------------------------------
Add data point (-0.5628653319188546, 1.8914653333693703):

Postirior mean:
   1.5008819169
   1.6495693301
   1.9897561811

Posterior variance:
   0.0838528856   0.0055306307   -0.1028280614
   0.0055306307   0.0967361183   0.0187940304
   -0.1028280614   0.0187940304   0.2580231385

Predictive distribution ~ N(1.2027858723, 3.0623148457)
------------------------------------------------
Add data point (0.5411468490406328, 2.985968050184772):

Postirior mean:
   1.5010611036
   1.6497695172
   1.9897021782

Posterior variance:
   0.0828098929   0.0043654006   -0.1025137264
   0.0043654006   0.0954343246   0.019145205
   -0.1025137264   0.019145205   0.2579284049

Predictive distribution ~ N(2.9764928907, 3.0836278602)
------------------------------------------------
Add data point (-0.8297562982643161, 2.750454235081351):

Postirior mean:
   1.5045268366
   1.6249503514
   2.0135318561

Posterior variance:
   0.0827859975   0.0045365233   -0.1026780268
   0.0045365233   0.0942088633   0.0203218098
   -0.1026780268   0.0203218098   0.2567987089

Predictive distribution ~ N(1.5425216994, 3.0972434929)
------------------------------------------------
Add data point (-0.1661821933625771, 2.741001845174184):

Postirior mean:
   1.5418557973
   1.6199738347
   1.9668859081

Posterior variance:
   0.0807484273   0.0048081623   -0.1001318966
   0.0048081623   0.0941726497   0.019982372
   -0.1001318966   0.019982372   0.2536170865

Predictive distribution ~ N(1.326963539, 3.0762305106)
------------------------------------------------
Add data point (-0.6858987966931225, 0.21725560223708418):

Postirior mean:
   1.5305910886
   1.6386787957
   1.9648521356

Posterior variance:
   0.0804482842   0.0053065475   -0.1001860855
   0.0053065475   0.0933450849   0.0200723523
   -0.1001860855   0.0200723523   0.253607303

Predictive distribution ~ N(1.3310020287, 3.0659938709)
------------------------------------------------
Add data point (-0.07712189157347082, 1.1722805781533907):

Postirior mean:
   1.5243052932
   1.6388190823
   1.9727823130

Posterior variance:
   0.0783985125   0.0053522944   -0.0976000877
   0.0053522944   0.0933440639   0.0200146379
   -0.0976000877   0.0200146379   0.2503448009

Predictive distribution ~ N(1.409650153, 3.0769576307)
------------------------------------------------
Add data point (0.3363271834802284, 1.92120112890755):

Postirior mean:
   1.5158170861
   1.6340311176
   1.9804594982

Posterior variance:
   0.0768432011   0.0044749859   -0.0961933815
   0.0044749859   0.0928491983   0.0208081223
   -0.0961933815   0.0208081223   0.249072501

Predictive distribution ~ N(2.2894077753, 3.0733642171)
------------------------------------------------
Add data point (-0.8331261313643099, -0.23750487808908738):

Postirior mean:
   1.5121955724
   1.6673734066
   1.9465953511

Posterior variance:
   0.0768301894   0.0045947814   -0.096315052
   0.0045947814   0.0917462736   0.0219283095
   -0.096315052   0.0219283095   0.2479347812

Predictive distribution ~ N(1.4741933967, 3.0932381224)
------------------------------------------------
Add data point (-0.6318558829755281, 1.5822389050533214):

Postirior mean:
   1.5162126029
   1.6623205809
   1.9453288149

Posterior variance:
   0.07641884   0.0051121976   -0.0961853569
   0.0051121976   0.0910954411   0.0217651724
   -0.0961853569   0.0217651724   0.2478938895

Predictive distribution ~ N(1.2425222527, 3.0580568721)
------------------------------------------------
Add data point (-0.299325409086606, -1.9902747307544049):

Postirior mean:
   1.4473883539
   1.6833039926
   2.0289200925

Posterior variance:
   0.0749859949   0.0055490491   -0.0944450786
   0.0055490491   0.090962252   0.0212345894
   -0.0944450786   0.0212345894   0.2457802146

Predictive distribution ~ N(1.1253152147, 3.0637241565)
------------------------------------------------
Add data point (-0.8813222497787532, 2.7158896722953076):

Postirior mean:
   1.4461538279
   1.6613112969
   2.0583366475

Posterior variance:
   0.0749825702   0.0054880379   -0.0943634724
   0.0054880379   0.0898753553   0.0226883793
   -0.0943634724   0.0226883793   0.243835683

Predictive distribution ~ N(1.5807727946, 3.1045736012)
------------------------------------------------
Add data point (0.8461131707642302, 4.788589285922495):

Postirior mean:
   1.4479198249
   1.6756164654
   2.0728790833

Posterior variance:
   0.0749365499   0.0051152583   -0.0947424349
   0.0051152583   0.0868557153   0.0196186552
   -0.0947424349   0.0196186552   0.2407150441

Predictive distribution ~ N(4.349670663, 3.1572594311)
------------------------------------------------
Add data point (-0.37223874658347866, -2.9202531872731594):

Postirior mean:
   1.3689802670
   1.7078979412
   2.1633971820

Posterior variance:
   0.0737636209   0.0055949148   -0.0933974654
   0.0055949148   0.0866595649   0.0190686445
   -0.0933974654   0.0190686445   0.2391727998

Predictive distribution ~ N(1.0329984358, 3.0583483216)
------------------------------------------------
Add data point (0.5464901050266084, 0.15151538246305885):

Postirior mean:
   1.3245136923
   1.6545972081
   2.1738916169

Posterior variance:
   0.0729857441   0.0046624975   -0.0932138808
   0.0046624975   0.0855419045   0.0192887018
   -0.0932138808   0.0192887018   0.2391294725

Predictive distribution ~ N(2.8779705451, 3.0755768741)
------------------------------------------------
Add data point (-0.15431887151443902, 1.7179808199257756):

Postirior mean:
   1.3381396727
   1.6530256396
   2.1562876619

Posterior variance:
   0.071387087   0.0048468805   -0.0911485111
   0.0048468805   0.0855206385   0.0190504899
   -0.0911485111   0.0190504899   0.2364611378

Predictive distribution ~ N(1.1343971331, 3.0675805747)
------------------------------------------------
Add data point (-0.7188783223153867, 0.03799349131824403):

Postirior mean:
   1.3298148421
   1.6717526738
   2.1493405991

Posterior variance:
   0.0712458789   0.0051645337   -0.0912663491
   0.0051645337   0.0848060651   0.0193155712
   -0.0912663491   0.0193155712   0.2363628021

Predictive distribution ~ N(1.2387773064, 3.0620899609)
------------------------------------------------
Add data point (0.21492344637278915, 0.772823171603564):

Postirior mean:
   1.3072725483
   1.6637191133
   2.1745482709

Posterior variance:
   0.0697333992   0.0046255204   -0.0895750354
   0.0046255204   0.084613973   0.0199183169
   -0.0895750354   0.0199183169   0.2344715091

Predictive distribution ~ N(1.7652917186, 3.0682506277)
------------------------------------------------
Add data point (-0.3716458330611254, -1.1921607354759547):

Postirior mean:
   1.2675490661
   1.6809027571
   2.2206612854

Posterior variance:
   0.0687201823   0.0050638193   -0.0883988422
   0.0050638193   0.084424373   0.0194095175
   -0.0883988422   0.0194095175   0.233106125

Predictive distribution ~ N(0.9495676858, 3.0546520083)
------------------------------------------------
Add data point (0.17881628252303416, 2.218949970563499):

Postirior mean:
   1.2801732849
   1.6848300942
   2.2060195503

Posterior variance:
   0.0672657935   0.0046113655   -0.086712023
   0.0046113655   0.0842836167   0.0199342793
   -0.086712023   0.0199342793   0.2311497298

Predictive distribution ~ N(1.651986394, 3.0665289672)
------------------------------------------------
Add data point (-0.9762477103976352, 2.399453240580643):

Postirior mean:
   1.2759930925
   1.6724917229
   2.2300197990

Posterior variance:
   0.0671402041   0.0042406724   -0.0859909612
   0.0042406724   0.0831894685   0.0220625853
   -0.0859909612   0.0220625853   0.2270098097

Predictive distribution ~ N(1.7685686373, 3.139378908)
------------------------------------------------
Add data point (0.9409207028019606, 5.935653681794299):

Postirior mean:
   1.2742620992
   1.7078192914
   2.2770135108

Posterior variance:
   0.0671324183   0.0043995724   -0.085779588
   0.0043995724   0.0799465037   0.0177487036
   -0.085779588   0.0177487036   0.2212713646

Predictive distribution ~ N(4.8970970267, 3.197309631)
------------------------------------------------
Add data point (-0.33205600634575294, -1.5375860732739286):

Postirior mean:
   1.2283453655
   1.7243112053
   2.3319661391

Posterior variance:
   0.0660982368   0.0047710193   -0.0845418913
   0.0047710193   0.0798130911   0.01730416
   -0.0845418913   0.01730416   0.2197901031

Predictive distribution ~ N(0.9129028376, 3.0544916469)
------------------------------------------------
Add data point (0.6964121371829968, 2.140746374246596):

Postirior mean:
   1.2153029511
   1.6927611849
   2.3163142040

Posterior variance:
   0.0658371067   0.0041393372   -0.0848552682
   0.0041393372   0.0782850318   0.0165460912
   -0.0848552682   0.0165460912   0.2194140259

Predictive distribution ~ N(3.5175512983, 3.0900485184)
------------------------------------------------
Add data point (-0.9527037984998639, 0.7380446106102188):

Postirior mean:
   1.2199797841
   1.7098994500
   2.2858469303

Posterior variance:
   0.0657639523   0.0038712628   -0.0843787032
   0.0038712628   0.0773026723   0.0182924649
   -0.0843787032   0.0182924649   0.2163094384

Predictive distribution ~ N(1.6656885404, 3.1219433778)
------------------------------------------------
Add data point (0.8146309638225109, 4.588762443437004):

Postirior mean:
   1.2218764931
   1.7214928769
   2.2967192486

Posterior variance:
   0.0657105444   0.0035448127   -0.0846848482
   0.0035448127   0.0753072817   0.0164211871
   -0.0846848482   0.0164211871   0.2145545536

Predictive distribution ~ N(4.1484150072, 3.121307825)
------------------------------------------------
Add data point (0.6284067147342411, 3.296712051640496):

Postirior mean:
   1.2228422305
   1.7230984887
   2.2970093031

Posterior variance:
   0.0653235029   0.0029013269   -0.0848010942
   0.0029013269   0.0742374377   0.0162279193
   -0.0848010942   0.0162279193   0.2145196397

Predictive distribution ~ N(3.2127263777, 3.0728175688)
------------------------------------------------
Add data point (-0.7892901901713967, -0.4141884186651954):

Postirior mean:
   1.2171625823
   1.7484704138
   2.2769541735

Posterior variance:
   0.0652895705   0.0030529085   -0.0849209112
   0.0030529085   0.0735602977   0.0167631617
   -0.0849209112   0.0167631617   0.2140965597

Predictive distribution ~ N(1.2556066808, 3.0670951543)
------------------------------------------------
Add data point (-0.5977708256244592, -1.7930065061378546):

Postirior mean:
   1.1869641349
   1.7803187202
   2.2937661117

Posterior variance:
   0.0649296177   0.0034325269   -0.08472052
   0.0034325269   0.0731599392   0.0165518223
   -0.08472052   0.0165518223   0.2139849988

Predictive distribution ~ N(0.9423728965, 3.0466733918)
------------------------------------------------
Add data point (-0.10978133214376684, 2.539684221865218):

Postirior mean:
   1.2185022650
   1.7781346978
   2.2520877444

Posterior variance:
   0.0636118643   0.0035237816   -0.0829790784
   0.0035237816   0.0731536198   0.016431227
   -0.0829790784   0.016431227   0.2116836436

Predictive distribution ~ N(1.0504382975, 3.061706966)
------------------------------------------------
Add data point (-0.41981293883032045, -1.3633212482639543):

Postirior mean:
   1.1837139688
   1.7959221701
   2.2905822464

Posterior variance:
   0.0628714806   0.0039023444   -0.0821598172
   0.0039023444   0.0729600583   0.0160123337
   -0.0821598172   0.0160123337   0.2107771015

Predictive distribution ~ N(0.8334614708, 3.0476710854)
------------------------------------------------
Add data point (-0.4803516287036522, -1.1402323412722728):

Postirior mean:
   1.1562490672
   1.8138551958
   2.3175098201

Posterior variance:
   0.0622912131   0.0042812263   -0.0815909021
   0.0042812263   0.0727126699   0.0156408643
   -0.0815909021   0.0156408643   0.2102193168

Predictive distribution ~ N(0.8196976256, 3.0450285201)
------------------------------------------------
Add data point (-0.2591946063651649, 3.0349857165559184):

Postirior mean:
   1.1962440426
   1.8041510680
   2.2661540740

Posterior variance:
   0.0612754637   0.0045276813   -0.0802866241
   0.0045276813   0.0726528716   0.0153244026
   -0.0802866241   0.0153244026   0.2085445522

Predictive distribution ~ N(0.8808622261, 3.0534292617)
------------------------------------------------
Add data point (-0.733230278413807, -0.0542392184455065):

Postirior mean:
   1.1906966206
   1.8193421359
   2.2584296118

Posterior variance:
   0.0612038614   0.0047237573   -0.0803863263
   0.0047237573   0.0721159368   0.015597427
   -0.0803863263   0.015597427   0.2084057228

Predictive distribution ~ N(1.0708918063, 3.0545533964)
------------------------------------------------
Add data point (0.35264841780824074, 0.5042063204871978):

Postirior mean:
   1.1628790164
   1.8024561837
   2.2841930318

Posterior variance:
   0.0602897223   0.0041688529   -0.0795396916
   0.0041688529   0.0717790966   0.0161113546
   -0.0795396916   0.0161113546   0.2076216076

